CPU TIME TABLE
---------------------------------
DEPTH   |   TIME
---------------------------------
0       | 0.005000591278076172
1       | 0.0040018558502197266
2       | 0.0042438507080078125
3       | 0.0200040340423584
4       | 0.024004459381103516
5       | 0.1290287971496582
6       | 0.15303659439086914
7       | 0.8751983642578125
8       | 1.0444591045379639
9       | 5.761307239532471
10      | 6.855540037155151
11      | 35.925875186920166
12      | 42.73276114463806
13      | 209.48851799964905